0 1 64
0 2 464
0 3 847
0 4 651
0 5 432
0 6 771
0 7 582
0 8 693
0 9 803
0 10 100
0 11 543
0 12 299
0 13 548
0 14 999
0 15 166
0 16 542
0 17 211
0 18 118
0 19 409
0 20 249
0 21 312
0 22 308
0 23 65
0 24 670
0 25 830
0 26 675
0 27 330
0 28 426
0 29 751
0 30 526
0 31 849
0 32 116
0 33 819
0 34 593
0 35 21
0 36 426
0 37 542
0 38 887
0 39 286
0 40 835
0 41 784
0 42 416
0 43 127
0 44 667
0 45 605
0 46 998
0 47 669
0 48 235
0 49 653
0 50 963
0 51 551
0 52 378
0 53 11
0 54 21
0 55 618
0 56 116
0 57 309
0 58 5
0 59 322
0 60 681
0 61 952
0 62 146
0 63 624
0 64 805
0 65 425
0 66 738
0 67 241
0 68 877
0 69 244
0 70 343
0 71 884
0 72 167
0 73 473
0 74 598
0 75 619
0 76 676
0 77 301
0 78 50
0 79 997
0 80 190
0 81 162
0 82 97
0 83 705
0 84 136
0 85 955
0 86 102
0 87 892
0 88 683
0 89 156
0 90 443
0 91 787
0 92 906
0 93 350
0 94 251
0 95 898
0 96 753
0 97 173
0 98 582
0 99 988
1 2 45
1 3 881
1 4 132
1 5 881
1 6 983
1 7 686
1 8 497
1 9 262
1 10 858
1 11 313
1 12 323
1 13 472
1 14 472
1 15 135
1 16 47
1 17 632
1 18 134
1 19 984
1 20 397
1 21 750
1 22 638
1 23 166
1 24 808
1 25 340
1 26 870
1 27 509
1 28 7
1 29 181
1 30 403
1 31 609
1 32 56
1 33 442
1 34 234
1 35 978
1 36 543
1 37 733
1 38 112
1 39 276
1 40 291
1 41 347
1 42 782
1 43 9
1 44 930
1 45 973
1 46 210
1 47 344
1 48 547
1 49 336
1 50 287
1 51 970
1 52 104
1 53 270
1 54 177
1 55 524
1 56 898
1 57 225
1 58 195
1 59 865
1 60 167
1 61 176
1 62 56
1 63 640
1 64 283
1 65 540
1 66 734
1 67 345
1 68 171
1 69 430
1 70 373
1 71 435
1 72 209
1 73 600
1 74 479
1 75 75
1 76 77
1 77 936
1 78 373
1 79 83
1 80 940
1 81 528
1 82 844
1 83 566
1 84 594
1 85 756
1 86 142
1 87 269
1 88 777
1 89 122
1 90 59
1 91 829
1 92 313
1 93 563
1 94 468
1 95 773
1 96 622
1 97 754
1 98 859
1 99 743
2 3 695
2 4 551
2 5 15
2 6 723
2 7 660
2 8 606
2 9 24
2 10 999
2 11 694
2 12 219
2 13 11
2 14 265
2 15 916
2 16 974
2 17 39
2 18 993
2 19 456
2 20 945
2 21 100
2 22 285
2 23 372
2 24 294
2 25 950
2 26 473
2 27 25
2 28 436
2 29 291
2 30 91
2 31 788
2 32 904
2 33 391
2 34 448
2 35 226
2 36 282
2 37 450
2 38 333
2 39 537
2 40 572
2 41 777
2 42 351
2 43 198
2 44 278
2 45 31
2 46 177
2 47 9
2 48 457
2 49 189
2 50 412
2 51 240
2 52 874
2 53 330
2 54 889
2 55 482
2 56 67
2 57 952
2 58 875
2 59 646
2 60 34
2 61 684
2 62 677
2 63 869
2 64 495
2 65 155
2 66 619
2 67 172
2 68 507
2 69 127
2 70 799
2 71 502
2 72 827
2 73 673
2 74 914
2 75 327
2 76 651
2 77 624
2 78 183
2 79 135
2 80 162
2 81 440
2 82 21
2 83 109
2 84 455
2 85 210
2 86 229
2 87 519
2 88 514
2 89 959
2 90 660
2 91 767
2 92 604
2 93 803
2 94 416
2 95 41
2 96 648
2 97 606
2 98 130
2 99 128
3 4 161
3 5 684
3 6 111
3 7 833
3 8 614
3 9 494
3 10 96
3 11 595
3 12 165
3 13 788
3 14 433
3 15 164
3 16 215
3 17 310
3 18 28
3 19 354
3 20 569
3 21 483
3 22 229
3 23 599
3 24 847
3 25 257
3 26 16
3 27 394
3 28 981
3 29 270
3 30 757
3 31 199
3 32 291
3 33 972
3 34 202
3 35 555
3 36 271
3 37 838
3 38 237
3 39 244
3 40 800
3 41 991
3 42 789
3 43 861
3 44 693
3 45 187
3 46 301
3 47 66
3 48 490
3 49 988
3 50 779
3 51 988
3 52 560
3 53 217
3 54 440
3 55 515
3 56 613
3 57 680
3 58 842
3 59 914
3 60 14
3 61 712
3 62 852
3 63 360
3 64 341
3 65 722
3 66 685
3 67 496
3 68 8
3 69 733
3 70 99
3 71 259
3 72 233
3 73 510
3 74 761
3 75 806
3 76 751
3 77 936
3 78 573
3 79 565
3 80 495
3 81 329
3 82 816
3 83 814
3 84 704
3 85 680
3 86 281
3 87 844
3 88 181
3 89 127
3 90 472
3 91 962
3 92 287
3 93 817
3 94 132
3 95 182
3 96 480
3 97 815
3 98 51
3 99 121
4 5 10
4 6 262
4 7 538
4 8 60
4 9 457
4 10 164
4 11 130
4 12 211
4 13 31
4 14 180
4 15 867
4 16 839
4 17 305
4 18 212
4 19 915
4 20 455
4 21 562
4 22 35
4 23 114
4 24 486
4 25 44
4 26 485
4 27 911
4 28 79
4 29 897
4 30 976
4 31 850
4 32 42
4 33 339
4 34 375
4 35 416
4 36 272
4 37 520
4 38 149
4 39 252
4 40 156
4 41 409
4 42 934
4 43 346
4 44 734
4 45 343
4 46 571
4 47 625
4 48 338
4 49 753
4 50 35
4 51 517
4 52 228
4 53 92
4 54 520
4 55 49
4 56 985
4 57 257
4 58 806
4 59 487
4 60 370
4 61 196
4 62 447
4 63 82
4 64 677
4 65 579
4 66 464
4 67 292
4 68 278
4 69 242
4 70 700
4 71 894
4 72 243
4 73 67
4 74 416
4 75 285
4 76 381
4 77 735
4 78 440
4 79 402
4 80 997
4 81 664
4 82 481
4 83 102
4 84 92
4 85 30
4 86 747
4 87 28
4 88 953
4 89 640
4 90 654
4 91 334
4 92 829
4 93 962
4 94 600
4 95 606
4 96 282
4 97 224
4 98 67
4 99 423
5 6 741
5 7 617
5 8 616
5 9 667
5 10 465
5 11 667
5 12 681
5 13 195
5 14 562
5 15 582
5 16 248
5 17 11
5 18 503
5 19 863
5 20 952
5 21 778
5 22 592
5 23 381
5 24 626
5 25 65
5 26 69
5 27 166
5 28 186
5 29 594
5 30 919
5 31 217
5 32 610
5 33 16
5 34 717
5 35 709
5 36 421
5 37 273
5 38 383
5 39 429
5 40 39
5 41 919
5 42 241
5 43 673
5 44 960
5 45 332
5 46 77
5 47 443
5 48 557
5 49 127
5 50 388
5 51 881
5 52 568
5 53 516
5 54 708
5 55 848
5 56 769
5 57 156
5 58 615
5 59 251
5 60 488
5 61 823
5 62 256
5 63 652
5 64 806
5 65 707
5 66 10
5 67 645
5 68 858
5 69 977
5 70 952
5 71 58
5 72 229
5 73 983
5 74 923
5 75 185
5 76 988
5 77 483
5 78 856
5 79 519
5 80 44
5 81 713
5 82 839
5 83 430
5 84 31
5 85 551
5 86 642
5 87 262
5 88 478
5 89 610
5 90 345
5 91 545
5 92 688
5 93 206
5 94 132
5 95 643
5 96 654
5 97 571
5 98 407
5 99 763
6 7 7
6 8 652
6 9 788
6 10 491
6 11 552
6 12 575
6 13 337
6 14 900
6 15 247
6 16 606
6 17 17
6 18 958
6 19 962
6 20 526
6 21 592
6 22 668
6 23 689
6 24 536
6 25 832
6 26 652
6 27 182
6 28 806
6 29 207
6 30 117
6 31 65
6 32 261
6 33 105
6 34 151
6 35 383
6 36 517
6 37 70
6 38 604
6 39 121
6 40 212
6 41 732
6 42 489
6 43 409
6 44 244
6 45 769
6 46 418
6 47 346
6 48 776
6 49 84
6 50 724
6 51 833
6 52 863
6 53 703
6 54 646
6 55 711
6 56 757
6 57 738
6 58 125
6 59 908
6 60 869
6 61 497
6 62 902
6 63 575
6 64 663
6 65 755
6 66 858
6 67 757
6 68 749
6 69 495
6 70 13
6 71 454
6 72 364
6 73 546
6 74 891
6 75 439
6 76 31
6 77 932
6 78 661
6 79 632
6 80 860
6 81 410
6 82 289
6 83 111
6 84 504
6 85 627
6 86 860
6 87 843
6 88 677
6 89 88
6 90 938
6 91 150
6 92 163
6 93 246
6 94 217
6 95 649
6 96 850
6 97 822
6 98 354
6 99 766
7 8 34
7 9 372
7 10 321
7 11 691
7 12 941
7 13 844
7 14 690
7 15 175
7 16 67
7 17 876
7 18 913
7 19 869
7 20 642
7 21 158
7 22 120
7 23 459
7 24 832
7 25 568
7 26 166
7 27 247
7 28 717
7 29 625
7 30 82
7 31 704
7 32 835
7 33 301
7 34 71
7 35 574
7 36 518
7 37 294
7 38 261
7 39 675
7 40 522
7 41 632
7 42 688
7 43 334
7 44 653
7 45 41
7 46 727
7 47 613
7 48 604
7 49 667
7 50 5
7 51 732
7 52 740
7 53 942
7 54 790
7 55 965
7 56 604
7 57 869
7 58 575
7 59 688
7 60 562
7 61 286
7 62 656
7 63 10
7 64 100
7 65 669
7 66 661
7 67 655
7 68 139
7 69 210
7 70 921
7 71 513
7 72 476
7 73 557
7 74 107
7 75 241
7 76 283
7 77 354
7 78 534
7 79 106
7 80 862
7 81 755
7 82 996
7 83 442
7 84 265
7 85 696
7 86 266
7 87 266
7 88 934
7 89 943
7 90 495
7 91 892
7 92 310
7 93 507
7 94 213
7 95 276
7 96 408
7 97 526
7 98 54
7 99 906
8 9 705
8 10 876
8 11 541
8 12 449
8 13 291
8 14 677
8 15 867
8 16 258
8 17 484
8 18 234
8 19 215
8 20 906
8 21 620
8 22 552
8 23 889
8 24 332
8 25 413
8 26 216
8 27 576
8 28 983
8 29 852
8 30 510
8 31 800
8 32 514
8 33 534
8 34 206
8 35 599
8 36 533
8 37 1
8 38 171
8 39 591
8 40 62
8 41 574
8 42 397
8 43 371
8 44 257
8 45 447
8 46 46
8 47 746
8 48 745
8 49 527
8 50 584
8 51 744
8 52 310
8 53 815
8 54 416
8 55 494
8 56 732
8 57 474
8 58 325
8 59 762
8 60 845
8 61 230
8 62 47
8 63 916
8 64 573
8 65 441
8 66 741
8 67 360
8 68 566
8 69 852
8 70 491
8 71 6
8 72 909
8 73 151
8 74 662
8 75 942
8 76 503
8 77 988
8 78 192
8 79 937
8 80 356
8 81 789
8 82 149
8 83 319
8 84 765
8 85 21
8 86 170
8 87 955
8 88 734
8 89 710
8 90 840
8 91 149
8 92 901
8 93 176
8 94 863
8 95 360
8 96 832
8 97 277
8 98 416
8 99 309
9 10 60
9 11 319
9 12 13
9 13 4
9 14 193
9 15 422
9 16 788
9 17 671
9 18 382
9 19 227
9 20 473
9 21 985
9 22 225
9 23 595
9 24 665
9 25 189
9 26 229
9 27 484
9 28 341
9 29 955
9 30 513
9 31 643
9 32 55
9 33 671
9 34 538
9 35 188
9 36 833
9 37 801
9 38 788
9 39 977
9 40 450
9 41 13
9 42 495
9 43 665
9 44 651
9 45 149
9 46 633
9 47 198
9 48 523
9 49 490
9 50 753
9 51 134
9 52 85
9 53 509
9 54 186
9 55 802
9 56 42
9 57 1000
9 58 725
9 59 310
9 60 553
9 61 544
9 62 238
9 63 438
9 64 532
9 65 398
9 66 781
9 67 249
9 68 577
9 69 34
9 70 337
9 71 207
9 72 803
9 73 847
9 74 121
9 75 837
9 76 751
9 77 121
9 78 702
9 79 517
9 80 887
9 81 487
9 82 32
9 83 648
9 84 796
9 85 213
9 86 600
9 87 603
9 88 247
9 89 521
9 90 644
9 91 743
9 92 581
9 93 42
9 94 413
9 95 241
9 96 999
9 97 610
9 98 371
9 99 445
10 11 472
10 12 674
10 13 887
10 14 540
10 15 741
10 16 283
10 17 904
10 18 987
10 19 717
10 20 306
10 21 178
10 22 230
10 23 370
10 24 573
10 25 657
10 26 590
10 27 22
10 28 668
10 29 320
10 30 701
10 31 797
10 32 802
10 33 196
10 34 942
10 35 762
10 36 441
10 37 589
10 38 864
10 39 320
10 40 451
10 41 501
10 42 453
10 43 268
10 44 65
10 45 931
10 46 334
10 47 923
10 48 77
10 49 1000
10 50 101
10 51 708
10 52 305
10 53 812
10 54 851
10 55 989
10 56 615
10 57 799
10 58 828
10 59 789
10 60 614
10 61 528
10 62 725
10 63 597
10 64 399
10 65 630
10 66 915
10 67 519
10 68 547
10 69 231
10 70 654
10 71 639
10 72 141
10 73 681
10 74 694
10 75 972
10 76 314
10 77 66
10 78 500
10 79 396
10 80 778
10 81 417
10 82 19
10 83 827
10 84 709
10 85 922
10 86 293
10 87 986
10 88 387
10 89 695
10 90 269
10 91 110
10 92 849
10 93 265
10 94 31
10 95 956
10 96 613
10 97 407
10 98 59
10 99 464
11 12 379
11 13 56
11 14 84
11 15 517
11 16 458
11 17 359
11 18 696
11 19 572
11 20 382
11 21 231
11 22 690
11 23 675
11 24 254
11 25 927
11 26 742
11 27 311
11 28 144
11 29 919
11 30 36
11 31 256
11 32 356
11 33 483
11 34 975
11 35 554
11 36 864
11 37 14
11 38 889
11 39 466
11 40 551
11 41 378
11 42 686
11 43 391
11 44 232
11 45 370
11 46 721
11 47 164
11 48 274
11 49 395
11 50 766
11 51 994
11 52 171
11 53 291
11 54 677
11 55 470
11 56 68
11 57 835
11 58 83
11 59 188
11 60 81
11 61 770
11 62 522
11 63 776
11 64 888
11 65 972
11 66 255
11 67 302
11 68 423
11 69 631
11 70 441
11 71 426
11 72 468
11 73 583
11 74 574
11 75 635
11 76 720
11 77 382
11 78 269
11 79 393
11 80 873
11 81 523
11 82 122
11 83 843
11 84 735
11 85 434
11 86 244
11 87 650
11 88 840
11 89 603
11 90 313
11 91 971
11 92 320
11 93 528
11 94 893
11 95 251
11 96 152
11 97 97
11 98 6
11 99 599
12 13 98
12 14 971
12 15 616
12 16 691
12 17 68
12 18 102
12 19 684
12 20 334
12 21 957
12 22 33
12 23 640
12 24 707
12 25 279
12 26 998
12 27 762
12 28 880
12 29 384
12 30 618
12 31 18
12 32 473
12 33 692
12 34 129
12 35 260
12 36 374
12 37 332
12 38 373
12 39 738
12 40 903
12 41 966
12 42 41
12 43 365
12 44 277
12 45 678
12 46 224
12 47 776
12 48 360
12 49 267
12 50 923
12 51 77
12 52 404
12 53 324
12 54 38
12 55 396
12 56 856
12 57 59
12 58 869
12 59 216
12 60 736
12 61 116
12 62 870
12 63 682
12 64 117
12 65 252
12 66 576
12 67 566
12 68 306
12 69 963
12 70 278
12 71 665
12 72 781
12 73 176
12 74 393
12 75 901
12 76 871
12 77 260
12 78 463
12 79 241
12 80 164
12 81 382
12 82 240
12 83 238
12 84 902
12 85 671
12 86 107
12 87 875
12 88 726
12 89 472
12 90 504
12 91 4
12 92 446
12 93 217
12 94 64
12 95 524
12 96 409
12 97 50
12 98 784
12 99 11
13 14 380
13 15 328
13 16 545
13 17 910
13 18 64
13 19 179
13 20 856
13 21 929
13 22 350
13 23 321
13 24 821
13 25 540
13 26 157
13 27 347
13 28 6
13 29 798
13 30 673
13 31 760
13 32 295
13 33 645
13 34 590
13 35 657
13 36 404
13 37 610
13 38 912
13 39 119
13 40 64
13 41 312
13 42 518
13 43 909
13 44 963
13 45 681
13 46 811
13 47 330
13 48 589
13 49 285
13 50 360
13 51 745
13 52 968
13 53 471
13 54 206
13 55 959
13 56 703
13 57 213
13 58 948
13 59 506
13 60 335
13 61 819
13 62 123
13 63 110
13 64 325
13 65 25
13 66 230
13 67 486
13 68 629
13 69 493
13 70 512
13 71 738
13 72 887
13 73 981
13 74 97
13 75 849
13 76 714
13 77 263
13 78 30
13 79 151
13 80 519
13 81 142
13 82 624
13 83 344
13 84 453
13 85 659
13 86 545
13 87 286
13 88 134
13 89 844
13 90 829
13 91 172
13 92 970
13 93 158
13 94 986
13 95 430
13 96 543
13 97 356
13 98 999
13 99 771
14 15 131
14 16 784
14 17 677
14 18 475
14 19 626
14 20 824
14 21 135
14 22 654
14 23 851
14 24 645
14 25 418
14 26 3
14 27 234
14 28 517
14 29 945
14 30 783
14 31 277
14 32 894
14 33 147
14 34 750
14 35 188
14 36 159
14 37 370
14 38 142
14 39 139
14 40 739
14 41 731
14 42 543
14 43 212
14 44 864
14 45 67
14 46 362
14 47 316
14 48 581
14 49 413
14 50 547
14 51 215
14 52 160
14 53 669
14 54 848
14 55 816
14 56 964
14 57 482
14 58 59
14 59 921
14 60 71
14 61 40
14 62 30
14 63 437
14 64 389
14 65 185
14 66 695
14 67 422
14 68 6
14 69 216
14 70 946
14 71 870
14 72 572
14 73 892
14 74 209
14 75 763
14 76 927
14 77 187
14 78 677
14 79 201
14 80 409
14 81 99
14 82 134
14 83 11
14 84 553
14 85 323
14 86 350
14 87 870
14 88 727
14 89 957
14 90 859
14 91 441
14 92 500
14 93 364
14 94 775
14 95 921
14 96 808
14 97 870
14 98 408
14 99 133
15 16 681
15 17 562
15 18 938
15 19 11
15 20 696
15 21 846
15 22 168
15 23 601
15 24 828
15 25 350
15 26 658
15 27 537
15 28 425
15 29 34
15 30 837
15 31 792
15 32 292
15 33 851
15 34 955
15 35 468
15 36 779
15 37 304
15 38 234
15 39 595
15 40 420
15 41 635
15 42 407
15 43 407
15 44 419
15 45 964
15 46 740
15 47 738
15 48 191
15 49 381
15 50 180
15 51 737
15 52 157
15 53 640
15 54 443
15 55 312
15 56 934
15 57 261
15 58 456
15 59 73
15 60 340
15 61 36
15 62 855
15 63 341
15 64 725
15 65 562
15 66 95
15 67 430
15 68 146
15 69 522
15 70 282
15 71 953
15 72 787
15 73 474
15 74 56
15 75 270
15 76 886
15 77 170
15 78 584
15 79 950
15 80 265
15 81 10
15 82 942
15 83 657
15 84 403
15 85 762
15 86 164
15 87 569
15 88 297
15 89 210
15 90 808
15 91 269
15 92 582
15 93 628
15 94 615
15 95 750
15 96 435
15 97 754
15 98 481
15 99 548
16 17 735
16 18 807
16 19 565
16 20 561
16 21 123
16 22 413
16 23 609
16 24 720
16 25 774
16 26 722
16 27 965
16 28 345
16 29 733
16 30 917
16 31 538
16 32 181
16 33 710
16 34 463
16 35 971
16 36 928
16 37 577
16 38 181
16 39 167
16 40 631
16 41 896
16 42 574
16 43 277
16 44 767
16 45 569
16 46 234
16 47 532
16 48 798
16 49 323
16 50 780
16 51 792
16 52 281
16 53 864
16 54 210
16 55 598
16 56 128
16 57 132
16 58 999
16 59 643
16 60 426
16 61 790
16 62 398
16 63 686
16 64 206
16 65 796
16 66 952
16 67 168
16 68 437
16 69 328
16 70 855
16 71 36
16 72 649
16 73 341
16 74 829
16 75 534
16 76 942
16 77 808
16 78 960
16 79 505
16 80 80
16 81 527
16 82 474
16 83 733
16 84 77
16 85 817
16 86 380
16 87 160
16 88 74
16 89 738
16 90 531
16 91 139
16 92 523
16 93 541
16 94 368
16 95 445
16 96 160
16 97 840
16 98 28
16 99 630
17 18 917
17 19 488
17 20 322
17 21 187
17 22 644
17 23 948
17 24 678
17 25 143
17 26 895
17 27 443
17 28 713
17 29 647
17 30 144
17 31 57
17 32 539
17 33 242
17 34 761
17 35 371
17 36 537
17 37 390
17 38 93
17 39 516
17 40 725
17 41 633
17 42 583
17 43 234
17 44 973
17 45 316
17 46 734
17 47 406
17 48 557
17 49 42
17 50 482
17 51 874
17 52 358
17 53 355
17 54 91
17 55 818
17 56 639
17 57 46
17 58 736
17 59 944
17 60 347
17 61 661
17 62 29
17 63 328
17 64 398
17 65 737
17 66 944
17 67 946
17 68 597
17 69 333
17 70 849
17 71 714
17 72 763
17 73 967
17 74 284
17 75 75
17 76 265
17 77 417
17 78 611
17 79 620
17 80 766
17 81 137
17 82 361
17 83 333
17 84 443
17 85 303
17 86 621
17 87 775
17 88 80
17 89 655
17 90 712
17 91 277
17 92 267
17 93 338
17 94 86
17 95 580
17 96 131
17 97 147
17 98 161
17 99 606
18 19 267
18 20 118
18 21 996
18 22 514
18 23 822
18 24 433
18 25 578
18 26 158
18 27 240
18 28 866
18 29 816
18 30 668
18 31 538
18 32 369
18 33 390
18 34 20
18 35 446
18 36 249
18 37 687
18 38 7
18 39 466
18 40 761
18 41 784
18 42 236
18 43 713
18 44 8
18 45 58
18 46 23
18 47 216
18 48 99
18 49 47
18 50 105
18 51 591
18 52 757
18 53 111
18 54 651
18 55 689
18 56 256
18 57 779
18 58 106
18 59 404
18 60 386
18 61 235
18 62 700
18 63 682
18 64 157
18 65 264
18 66 536
18 67 963
18 68 266
18 69 418
18 70 641
18 71 389
18 72 113
18 73 157
18 74 696
18 75 581
18 76 807
18 77 229
18 78 941
18 79 983
18 80 103
18 81 862
18 82 741
18 83 596
18 84 747
18 85 99
18 86 32
18 87 130
18 88 791
18 89 186
18 90 643
18 91 414
18 92 563
18 93 728
18 94 300
18 95 686
18 96 890
18 97 417
18 98 224
18 99 239
19 20 302
19 21 679
19 22 333
19 23 963
19 24 497
19 25 649
19 26 735
19 27 494
19 28 466
19 29 358
19 30 142
19 31 478
19 32 21
19 33 660
19 34 616
19 35 647
19 36 810
19 37 22
19 38 793
19 39 779
19 40 25
19 41 550
19 42 527
19 43 166
19 44 971
19 45 611
19 46 186
19 47 550
19 48 412
19 49 768
19 50 490
19 51 893
19 52 168
19 53 705
19 54 930
19 55 741
19 56 413
19 57 509
19 58 330
19 59 525
19 60 958
19 61 525
19 62 570
19 63 329
19 64 376
19 65 830
19 66 72
19 67 910
19 68 820
19 69 576
19 70 578
19 71 220
19 72 880
19 73 944
19 74 386
19 75 243
19 76 930
19 77 961
19 78 845
19 79 768
19 80 885
19 81 389
19 82 645
19 83 639
19 84 526
19 85 385
19 86 750
19 87 917
19 88 644
19 89 150
19 90 101
19 91 344
19 92 573
19 93 948
19 94 907
19 95 200
19 96 168
19 97 555
19 98 152
19 99 750
20 21 340
20 22 236
20 23 541
20 24 654
20 25 935
20 26 46
20 27 893
20 28 420
20 29 710
20 30 635
20 31 310
20 32 388
20 33 650
20 34 393
20 35 416
20 36 141
20 37 331
20 38 170
20 39 426
20 40 616
20 41 803
20 42 295
20 43 491
20 44 741
20 45 894
20 46 833
20 47 850
20 48 441
20 49 616
20 50 654
20 51 59
20 52 530
20 53 87
20 54 559
20 55 847
20 56 492
20 57 537
20 58 337
20 59 28
20 60 246
20 61 211
20 62 344
20 63 609
20 64 960
20 65 420
20 66 650
20 67 902
20 68 508
20 69 368
20 70 831
20 71 123
20 72 451
20 73 17
20 74 426
20 75 429
20 76 368
20 77 86
20 78 426
20 79 613
20 80 924
20 81 750
20 82 809
20 83 998
20 84 911
20 85 653
20 86 901
20 87 547
20 88 504
20 89 896
20 90 797
20 91 94
20 92 108
20 93 627
20 94 105
20 95 363
20 96 625
20 97 933
20 98 954
20 99 736
21 22 635
21 23 332
21 24 593
21 25 531
21 26 677
21 27 732
21 28 31
21 29 422
21 30 971
21 31 867
21 32 365
21 33 251
21 34 626
21 35 534
21 36 636
21 37 342
21 38 692
21 39 924
21 40 21
21 41 245
21 42 175
21 43 566
21 44 492
21 45 592
21 46 458
21 47 406
21 48 430
21 49 49
21 50 417
21 51 597
21 52 535
21 53 803
21 54 660
21 55 808
21 56 271
21 57 583
21 58 338
21 59 213
21 60 176
21 61 686
21 62 517
21 63 361
21 64 390
21 65 714
21 66 794
21 67 511
21 68 962
21 69 238
21 70 522
21 71 671
21 72 894
21 73 672
21 74 850
21 75 781
21 76 387
21 77 619
21 78 597
21 79 555
21 80 862
21 81 344
21 82 273
21 83 782
21 84 515
21 85 916
21 86 534
21 87 882
21 88 769
21 89 567
21 90 402
21 91 375
21 92 433
21 93 303
21 94 671
21 95 981
21 96 789
21 97 616
21 98 30
21 99 748
22 23 110
22 24 35
22 25 964
22 26 853
22 27 385
22 28 889
22 29 514
22 30 276
22 31 829
22 32 525
22 33 691
22 34 339
22 35 77
22 36 18
22 37 601
22 38 108
22 39 919
22 40 806
22 41 291
22 42 104
22 43 728
22 44 557
22 45 858
22 46 556
22 47 299
22 48 936
22 49 780
22 50 33
22 51 536
22 52 875
22 53 70
22 54 515
22 55 922
22 56 316
22 57 5
22 58 312
22 59 157
22 60 786
22 61 625
22 62 912
22 63 390
22 64 359
22 65 658
22 66 76
22 67 132
22 68 885
22 69 631
22 70 224
22 71 15
22 72 932
22 73 645
22 74 735
22 75 867
22 76 245
22 77 446
22 78 243
22 79 663
22 80 819
22 81 738
22 82 468
22 83 123
22 84 996
22 85 536
22 86 77
22 87 499
22 88 53
22 89 814
22 90 774
22 91 574
22 92 21
22 93 206
22 94 652
22 95 767
22 96 56
22 97 898
22 98 166
22 99 842
23 24 236
23 25 859
23 26 429
23 27 798
23 28 783
23 29 755
23 30 148
23 31 918
23 32 324
23 33 244
23 34 559
23 35 567
23 36 278
23 37 168
23 38 629
23 39 68
23 40 713
23 41 516
23 42 302
23 43 508
23 44 742
23 45 404
23 46 913
23 47 620
23 48 43
23 49 935
23 50 530
23 51 370
23 52 819
23 53 384
23 54 201
23 55 578
23 56 623
23 57 526
23 58 497
23 59 131
23 60 5
23 61 816
23 62 879
23 63 899
23 64 900
23 65 2
23 66 118
23 67 374
23 68 951
23 69 178
23 70 865
23 71 433
23 72 274
23 73 383
23 74 748
23 75 46
23 76 984
23 77 39
23 78 181
23 79 700
23 80 292
23 81 819
23 82 671
23 83 276
23 84 898
23 85 420
23 86 54
23 87 694
23 88 27
23 89 735
23 90 414
23 91 966
23 92 320
23 93 750
23 94 959
23 95 264
23 96 0
23 97 666
23 98 580
23 99 372
24 25 875
24 26 515
24 27 833
24 28 858
24 29 495
24 30 39
24 31 819
24 32 367
24 33 741
24 34 581
24 35 731
24 36 936
24 37 685
24 38 719
24 39 123
24 40 20
24 41 209
24 42 449
24 43 226
24 44 635
24 45 994
24 46 756
24 47 323
24 48 671
24 49 881
24 50 192
24 51 102
24 52 530
24 53 345
24 54 326
24 55 379
24 56 674
24 57 246
24 58 92
24 59 268
24 60 591
24 61 950
24 62 453
24 63 988
24 64 450
24 65 892
24 66 272
24 67 177
24 68 198
24 69 769
24 70 477
24 71 910
24 72 497
24 73 696
24 74 665
24 75 232
24 76 954
24 77 872
24 78 350
24 79 335
24 80 933
24 81 721
24 82 101
24 83 599
24 84 883
24 85 76
24 86 593
24 87 320
24 88 599
24 89 749
24 90 773
24 91 840
24 92 466
24 93 281
24 94 508
24 95 666
24 96 67
24 97 463
24 98 82
24 99 413
25 26 568
25 27 385
25 28 827
25 29 709
25 30 78
25 31 233
25 32 96
25 33 902
25 34 156
25 35 340
25 36 179
25 37 719
25 38 440
25 39 942
25 40 925
25 41 582
25 42 633
25 43 319
25 44 739
25 45 693
25 46 133
25 47 670
25 48 956
25 49 274
25 50 970
25 51 244
25 52 407
25 53 139
25 54 20
25 55 99
25 56 611
25 57 481
25 58 881
25 59 531
25 60 671
25 61 449
25 62 740
25 63 700
25 64 66
25 65 80
25 66 472
25 67 796
25 68 267
25 69 850
25 70 309
25 71 903
25 72 362
25 73 731
25 74 932
25 75 488
25 76 992
25 77 793
25 78 87
25 79 937
25 80 639
25 81 288
25 82 510
25 83 170
25 84 635
25 85 282
25 86 672
25 87 255
25 88 168
25 89 670
25 90 201
25 91 45
25 92 83
25 93 223
25 94 341
25 95 562
25 96 377
25 97 420
25 98 650
25 99 486
26 27 233
26 28 653
26 29 694
26 30 485
26 31 421
26 32 842
26 33 618
26 34 241
26 35 463
26 36 605
26 37 946
26 38 7
26 39 923
26 40 894
26 41 178
26 42 209
26 43 792
26 44 79
26 45 290
26 46 935
26 47 707
26 48 706
26 49 658
26 50 142
26 51 975
26 52 930
26 53 390
26 54 553
26 55 450
26 56 250
26 57 151
26 58 314
26 59 70
26 60 178
26 61 684
26 62 584
26 63 692
26 64 512
26 65 316
26 66 241
26 67 944
26 68 708
26 69 289
26 70 209
26 71 827
26 72 81
26 73 884
26 74 385
26 75 391
26 76 156
26 77 903
26 78 113
26 79 519
26 80 112
26 81 449
26 82 19
26 83 457
26 84 296
26 85 619
26 86 228
26 87 787
26 88 603
26 89 199
26 90 501
26 91 944
26 92 978
26 93 618
26 94 232
26 95 917
26 96 62
26 97 913
26 98 176
26 99 714
27 28 703
27 29 517
27 30 11
27 31 6
27 32 493
27 33 600
27 34 392
27 35 613
27 36 819
27 37 928
27 38 280
27 39 560
27 40 913
27 41 829
27 42 812
27 43 216
27 44 855
27 45 450
27 46 581
27 47 481
27 48 319
27 49 519
27 50 119
27 51 29
27 52 445
27 53 306
27 54 795
27 55 191
27 56 109
27 57 669
27 58 115
27 59 56
27 60 652
27 61 687
27 62 870
27 63 53
27 64 211
27 65 152
27 66 450
27 67 204
27 68 241
27 69 304
27 70 542
27 71 848
27 72 881
27 73 405
27 74 195
27 75 761
27 76 518
27 77 706
27 78 658
27 79 495
27 80 820
27 81 911
27 82 505
27 83 909
27 84 918
27 85 831
27 86 132
27 87 706
27 88 585
27 89 654
27 90 995
27 91 516
27 92 533
27 93 518
27 94 842
27 95 590
27 96 68
27 97 195
27 98 455
27 99 556
28 29 19
28 30 136
28 31 808
28 32 87
28 33 906
28 34 387
28 35 694
28 36 22
28 37 791
28 38 146
28 39 295
28 40 661
28 41 758
28 42 670
28 43 925
28 44 823
28 45 422
28 46 860
28 47 203
28 48 371
28 49 615
28 50 986
28 51 170
28 52 735
28 53 736
28 54 190
28 55 8
28 56 341
28 57 305
28 58 910
28 59 802
28 60 880
28 61 383
28 62 168
28 63 791
28 64 420
28 65 209
28 66 770
28 67 975
28 68 922
28 69 354
28 70 463
28 71 363
28 72 966
28 73 669
28 74 473
28 75 925
28 76 896
28 77 453
28 78 417
28 79 984
28 80 276
28 81 428
28 82 714
28 83 779
28 84 409
28 85 134
28 86 591
28 87 321
28 88 908
28 89 490
28 90 395
28 91 700
28 92 166
28 93 755
28 94 617
28 95 69
28 96 450
28 97 667
28 98 938
28 99 841
29 30 468
29 31 906
29 32 378
29 33 5
29 34 417
29 35 664
29 36 992
29 37 578
29 38 48
29 39 123
29 40 982
29 41 743
29 42 525
29 43 418
29 44 874
29 45 446
29 46 286
29 47 28
29 48 151
29 49 912
29 50 777
29 51 903
29 52 726
29 53 767
29 54 825
29 55 225
29 56 451
29 57 917
29 58 137
29 59 304
29 60 885
29 61 437
29 62 631
29 63 720
29 64 718
29 65 216
29 66 431
29 67 219
29 68 794
29 69 395
29 70 550
29 71 189
29 72 758
29 73 588
29 74 538
29 75 849
29 76 977
29 77 78
29 78 806
29 79 610
29 80 387
29 81 681
29 82 403
29 83 695
29 84 599
29 85 533
29 86 734
29 87 140
29 88 937
29 89 630
29 90 833
29 91 524
29 92 265
29 93 688
29 94 431
29 95 603
29 96 61
29 97 18
29 98 724
29 99 312
30 31 509
30 32 364
30 33 421
30 34 36
30 35 425
30 36 940
30 37 464
30 38 541
30 39 340
30 40 374
30 41 705
30 42 484
30 43 188
30 44 974
30 45 893
30 46 588
30 47 386
30 48 683
30 49 226
30 50 195
30 51 943
30 52 791
30 53 584
30 54 35
30 55 800
30 56 663
30 57 736
30 58 877
30 59 21
30 60 344
30 61 299
30 62 371
30 63 774
30 64 370
30 65 994
30 66 878
30 67 677
30 68 844
30 69 776
30 70 609
30 71 925
30 72 766
30 73 746
30 74 923
30 75 26
30 76 934
30 77 631
30 78 109
30 79 204
30 80 782
30 81 632
30 82 0
30 83 271
30 84 577
30 85 836
30 86 99
30 87 619
30 88 193
30 89 986
30 90 903
30 91 447
30 92 478
30 93 197
30 94 264
30 95 495
30 96 341
30 97 583
30 98 230
30 99 44
31 32 52
31 33 22
31 34 671
31 35 601
31 36 992
31 37 973
31 38 67
31 39 894
31 40 27
31 41 37
31 42 2
31 43 724
31 44 961
31 45 86
31 46 718
31 47 750
31 48 42
31 49 206
31 50 603
31 51 481
31 52 431
31 53 860
31 54 618
31 55 660
31 56 6
31 57 876
31 58 541
31 59 186
31 60 286
31 61 257
31 62 930
31 63 910
31 64 806
31 65 423
31 66 968
31 67 826
31 68 562
31 69 564
31 70 980
31 71 568
31 72 743
31 73 325
31 74 247
31 75 144
31 76 946
31 77 485
31 78 408
31 79 827
31 80 734
31 81 948
31 82 290
31 83 753
31 84 449
31 85 165
31 86 701
31 87 68
31 88 635
31 89 746
31 90 906
31 91 863
31 92 96
31 93 55
31 94 190
31 95 262
31 96 746
31 97 429
31 98 427
31 99 626
32 33 211
32 34 990
32 35 625
32 36 351
32 37 392
32 38 999
32 39 759
32 40 273
32 41 588
32 42 135
32 43 513
32 44 581
32 45 807
32 46 508
32 47 36
32 48 763
32 49 495
32 50 368
32 51 797
32 52 689
32 53 94
32 54 832
32 55 799
32 56 688
32 57 56
32 58 705
32 59 108
32 60 930
32 61 545
32 62 696
32 63 601
32 64 478
32 65 622
32 66 441
32 67 450
32 68 376
32 69 923
32 70 920
32 71 610
32 72 320
32 73 538
32 74 389
32 75 187
32 76 742
32 77 96
32 78 209
32 79 313
32 80 738
32 81 76
32 82 679
32 83 613
32 84 890
32 85 839
32 86 762
32 87 178
32 88 149
32 89 469
32 90 430
32 91 814
32 92 572
32 93 702
32 94 14
32 95 497
32 96 494
32 97 636
32 98 178
32 99 186
33 34 334
33 35 435
33 36 24
33 37 774
33 38 406
33 39 96
33 40 250
33 41 289
33 42 995
33 43 632
33 44 784
33 45 569
33 46 658
33 47 821
33 48 348
33 49 807
33 50 300
33 51 618
33 52 572
33 53 239
33 54 923
33 55 100
33 56 843
33 57 57
33 58 41
33 59 838
33 60 111
33 61 785
33 62 980
33 63 392
33 64 801
33 65 356
33 66 876
33 67 74
33 68 688
33 69 616
33 70 658
33 71 923
33 72 357
33 73 150
33 74 980
33 75 706
33 76 620
33 77 398
33 78 976
33 79 426
33 80 319
33 81 73
33 82 504
33 83 619
33 84 354
33 85 8
33 86 263
33 87 360
33 88 829
33 89 452
33 90 670
33 91 770
33 92 475
33 93 852
33 94 131
33 95 289
33 96 5
33 97 550
33 98 366
33 99 23
34 35 306
34 36 484
34 37 178
34 38 611
34 39 932
34 40 12
34 41 211
34 42 790
34 43 812
34 44 739
34 45 659
34 46 750
34 47 94
34 48 112
34 49 666
34 50 179
34 51 350
34 52 109
34 53 225
34 54 154
34 55 198
34 56 722
34 57 69
34 58 139
34 59 50
34 60 675
34 61 771
34 62 46
34 63 467
34 64 305
34 65 288
34 66 66
34 67 14
34 68 442
34 69 608
34 70 478
34 71 402
34 72 299
34 73 832
34 74 281
34 75 311
34 76 220
34 77 201
34 78 521
34 79 979
34 80 394
34 81 667
34 82 583
34 83 94
34 84 764
34 85 397
34 86 635
34 87 565
34 88 361
34 89 212
34 90 642
34 91 421
34 92 298
34 93 391
34 94 399
34 95 964
34 96 174
34 97 450
34 98 854
34 99 180
35 36 581
35 37 631
35 38 522
35 39 971
35 40 164
35 41 655
35 42 735
35 43 349
35 44 30
35 45 45
35 46 204
35 47 848
35 48 639
35 49 553
35 50 812
35 51 252
35 52 422
35 53 361
35 54 213
35 55 884
35 56 895
35 57 428
35 58 516
35 59 774
35 60 695
35 61 233
35 62 474
35 63 440
35 64 419
35 65 968
35 66 275
35 67 348
35 68 534
35 69 63
35 70 55
35 71 131
35 72 955
35 73 450
35 74 563
35 75 166
35 76 582
35 77 399
35 78 346
35 79 753
35 80 221
35 81 468
35 82 98
35 83 991
35 84 985
35 85 778
35 86 200
35 87 460
35 88 486
35 89 76
35 90 502
35 91 858
35 92 423
35 93 443
35 94 116
35 95 222
35 96 336
35 97 765
35 98 366
35 99 967
36 37 660
36 38 849
36 39 453
36 40 44
36 41 844
36 42 669
36 43 287
36 44 467
36 45 954
36 46 885
36 47 499
36 48 616
36 49 612
36 50 391
36 51 460
36 52 545
36 53 502
36 54 194
36 55 922
36 56 520
36 57 632
36 58 993
36 59 683
36 60 836
36 61 968
36 62 88
36 63 602
36 64 159
36 65 834
36 66 437
36 67 432
36 68 111
36 69 292
36 70 386
36 71 108
36 72 349
36 73 985
36 74 62
36 75 214
36 76 991
36 77 929
36 78 304
36 79 78
36 80 676
36 81 713
36 82 856
36 83 977
36 84 893
36 85 105
36 86 971
36 87 266
36 88 894
36 89 39
36 90 14
36 91 724
36 92 34
36 93 648
36 94 907
36 95 602
36 96 851
36 97 14
36 98 619
36 99 402
37 38 781
37 39 13
37 40 413
37 41 21
37 42 322
37 43 952
37 44 70
37 45 901
37 46 306
37 47 363
37 48 897
37 49 488
37 50 32
37 51 458
37 52 732
37 53 512
37 54 686
37 55 144
37 56 556
37 57 513
37 58 356
37 59 618
37 60 72
37 61 347
37 62 921
37 63 396
37 64 275
37 65 786
37 66 428
37 67 399
37 68 902
37 69 673
37 70 558
37 71 275
37 72 309
37 73 117
37 74 992
37 75 965
37 76 427
37 77 130
37 78 492
37 79 969
37 80 78
37 81 859
37 82 544
37 83 537
37 84 568
37 85 494
37 86 96
37 87 36
37 88 61
37 89 64
37 90 394
37 91 400
37 92 711
37 93 652
37 94 885
37 95 144
37 96 751
37 97 397
37 98 794
37 99 445
38 39 5
38 40 411
38 41 813
38 42 941
38 43 430
38 44 120
38 45 307
38 46 625
38 47 248
38 48 218
38 49 54
38 50 384
38 51 954
38 52 70
38 53 673
38 54 150
38 55 903
38 56 774
38 57 991
38 58 193
38 59 706
38 60 179
38 61 777
38 62 849
38 63 15
38 64 279
38 65 547
38 66 539
38 67 815
38 68 993
38 69 711
38 70 714
38 71 892
38 72 384
38 73 221
38 74 513
38 75 202
38 76 412
38 77 311
38 78 547
38 79 920
38 80 384
38 81 329
38 82 426
38 83 588
38 84 434
38 85 144
38 86 413
38 87 787
38 88 839
38 89 803
38 90 275
38 91 499
38 92 611
38 93 404
38 94 413
38 95 488
38 96 19
38 97 1000
38 98 27
38 99 822
39 40 408
39 41 764
39 42 465
39 43 878
39 44 19
39 45 734
39 46 416
39 47 188
39 48 189
39 49 698
39 50 51
39 51 847
39 52 241
39 53 715
39 54 79
39 55 924
39 56 396
39 57 218
39 58 824
39 59 365
39 60 742
39 61 657
39 62 321
39 63 660
39 64 635
39 65 891
39 66 291
39 67 876
39 68 832
39 69 771
39 70 513
39 71 997
39 72 549
39 73 911
39 74 290
39 75 434
39 76 655
39 77 222
39 78 486
39 79 246
39 80 489
39 81 80
39 82 273
39 83 268
39 84 755
39 85 521
39 86 317
39 87 628
39 88 407
39 89 457
39 90 728
39 91 684
39 92 295
39 93 291
39 94 98
39 95 594
39 96 831
39 97 219
39 98 592
39 99 296
40 41 675
40 42 542
40 43 26
40 44 154
40 45 232
40 46 733
40 47 827
40 48 849
40 49 114
40 50 353
40 51 496
40 52 638
40 53 986
40 54 775
40 55 706
40 56 842
40 57 257
40 58 252
40 59 121
40 60 985
40 61 379
40 62 790
40 63 151
40 64 957
40 65 454
40 66 68
40 67 485
40 68 711
40 69 328
40 70 19
40 71 75
40 72 435
40 73 361
40 74 317
40 75 989
40 76 996
40 77 280
40 78 604
40 79 538
40 80 66
40 81 169
40 82 382
40 83 355
40 84 348
40 85 486
40 86 814
40 87 621
40 88 950
40 89 314
40 90 336
40 91 768
40 92 36
40 93 230
40 94 944
40 95 859
40 96 353
40 97 355
40 98 223
40 99 998
41 42 306
41 43 263
41 44 958
41 45 212
41 46 210
41 47 639
41 48 7
41 49 985
41 50 549
41 51 790
41 52 446
41 53 878
41 54 596
41 55 946
41 56 406
41 57 370
41 58 992
41 59 760
41 60 845
41 61 777
41 62 386
41 63 770
41 64 14
41 65 584
41 66 3
41 67 247
41 68 987
41 69 423
41 70 393
41 71 619
41 72 357
41 73 392
41 74 260
41 75 72
41 76 523
41 77 696
41 78 803
41 79 918
41 80 185
41 81 525
41 82 625
41 83 406
41 84 393
41 85 833
41 86 254
41 87 173
41 88 17
41 89 518
41 90 500
41 91 5
41 92 506
41 93 917
41 94 81
41 95 967
41 96 240
41 97 469
41 98 348
41 99 4
42 43 403
42 44 308
42 45 421
42 46 576
42 47 420
42 48 990
42 49 27
42 50 925
42 51 837
42 52 579
42 53 535
42 54 748
42 55 846
42 56 132
42 57 261
42 58 600
42 59 898
42 60 72
42 61 223
42 62 915
42 63 621
42 64 766
42 65 220
42 66 379
42 67 8
42 68 279
42 69 185
42 70 333
42 71 786
42 72 935
42 73 148
42 74 87
42 75 610
42 76 849
42 77 888
42 78 53
42 79 971
42 80 173
42 81 599
42 82 10
42 83 273
42 84 87
42 85 422
42 86 640
42 87 166
42 88 351
42 89 672
42 90 969
42 91 797
42 92 979
42 93 280
42 94 888
42 95 757
42 96 518
42 97 450
42 98 747
42 99 323
43 44 397
43 45 575
43 46 356
43 47 37
43 48 845
43 49 711
43 50 880
43 51 110
43 52 146
43 53 365
43 54 352
43 55 490
43 56 324
43 57 848
43 58 934
43 59 963
43 60 310
43 61 570
43 62 823
43 63 44
43 64 418
43 65 389
43 66 529
43 67 347
43 68 681
43 69 206
43 70 148
43 71 481
43 72 714
43 73 721
43 74 672
43 75 405
43 76 831
43 77 523
43 78 131
43 79 870
43 80 201
43 81 313
43 82 948
43 83 497
43 84 760
43 85 589
43 86 217
43 87 361
43 88 70
43 89 299
43 90 317
43 91 841
43 92 898
43 93 52
43 94 335
43 95 612
43 96 41
43 97 582
43 98 666
43 99 461
44 45 1000
44 46 131
44 47 794
44 48 186
44 49 962
44 50 984
44 51 456
44 52 461
44 53 607
44 54 555
44 55 630
44 56 693
44 57 231
44 58 160
44 59 255
44 60 703
44 61 486
44 62 242
44 63 360
44 64 674
44 65 876
44 66 359
44 67 695
44 68 345
44 69 967
44 70 228
44 71 82
44 72 782
44 73 748
44 74 485
44 75 570
44 76 469
44 77 769
44 78 528
44 79 216
44 80 345
44 81 367
44 82 998
44 83 353
44 84 144
44 85 126
44 86 244
44 87 815
44 88 522
44 89 135
44 90 206
44 91 48
44 92 226
44 93 692
44 94 241
44 95 653
44 96 525
44 97 93
44 98 765
44 99 388
45 46 977
45 47 730
45 48 60
45 49 930
45 50 207
45 51 464
45 52 447
45 53 656
45 54 457
45 55 209
45 56 349
45 57 954
45 58 323
45 59 674
45 60 95
45 61 634
45 62 187
45 63 480
45 64 884
45 65 360
45 66 115
45 67 217
45 68 996
45 69 198
45 70 745
45 71 22
45 72 699
45 73 942
45 74 516
45 75 683
45 76 884
45 77 519
45 78 855
45 79 187
45 80 504
45 81 472
45 82 854
45 83 640
45 84 71
45 85 420
45 86 149
45 87 494
45 88 601
45 89 293
45 90 560
45 91 317
45 92 771
45 93 337
45 94 563
45 95 582
45 96 205
45 97 876
45 98 85
45 99 395
46 47 35
46 48 646
46 49 736
46 50 645
46 51 345
46 52 665
46 53 108
46 54 527
46 55 542
46 56 67
46 57 566
46 58 570
46 59 206
46 60 892
46 61 84
46 62 595
46 63 758
46 64 220
46 65 212
46 66 678
46 67 251
46 68 82
46 69 503
46 70 189
46 71 62
46 72 864
46 73 845
46 74 668
46 75 86
46 76 320
46 77 982
46 78 49
46 79 529
46 80 641
46 81 84
46 82 403
46 83 341
46 84 688
46 85 763
46 86 963
46 87 303
46 88 65
46 89 819
46 90 501
46 91 848
46 92 644
46 93 406
46 94 280
46 95 643
46 96 707
46 97 102
46 98 460
46 99 625
47 48 433
47 49 753
47 50 803
47 51 99
47 52 928
47 53 405
47 54 157
47 55 7
47 56 101
47 57 192
47 58 721
47 59 881
47 60 217
47 61 965
47 62 320
47 63 261
47 64 811
47 65 603
47 66 549
47 67 333
47 68 292
47 69 957
47 70 323
47 71 445
47 72 879
47 73 616
47 74 447
47 75 630
47 76 898
47 77 315
47 78 450
47 79 700
47 80 917
47 81 409
47 82 273
47 83 900
47 84 879
47 85 542
47 86 436
47 87 707
47 88 714
47 89 544
47 90 113
47 91 296
47 92 894
47 93 326
47 94 123
47 95 676
47 96 607
47 97 526
47 98 231
47 99 948
48 49 150
48 50 375
48 51 58
48 52 308
48 53 445
48 54 386
48 55 399
48 56 513
48 57 422
48 58 406
48 59 821
48 60 708
48 61 407
48 62 24
48 63 751
48 64 816
48 65 438
48 66 674
48 67 104
48 68 446
48 69 153
48 70 805
48 71 252
48 72 971
48 73 474
48 74 635
48 75 280
48 76 729
48 77 214
48 78 545
48 79 236
48 80 153
48 81 415
48 82 567
48 83 668
48 84 790
48 85 548
48 86 244
48 87 835
48 88 733
48 89 512
48 90 807
48 91 470
48 92 261
48 93 311
48 94 415
48 95 601
48 96 205
48 97 506
48 98 104
48 99 425
49 50 456
49 51 334
49 52 40
49 53 316
49 54 913
49 55 942
49 56 888
49 57 977
49 58 100
49 59 167
49 60 42
49 61 377
49 62 744
49 63 360
49 64 531
49 65 288
49 66 399
49 67 513
49 68 911
49 69 712
49 70 638
49 71 148
49 72 600
49 73 339
49 74 359
49 75 386
49 76 164
49 77 808
49 78 953
49 79 586
49 80 802
49 81 455
49 82 352
49 83 43
49 84 920
49 85 976
49 86 126
49 87 352
49 88 302
49 89 337
49 90 912
49 91 264
49 92 5
49 93 396
49 94 199
49 95 994
49 96 691
49 97 249
49 98 506
49 99 454
50 51 594
50 52 32
50 53 36
50 54 233
50 55 448
50 56 697
50 57 942
50 58 945
50 59 117
50 60 699
50 61 880
50 62 31
50 63 485
50 64 651
50 65 402
50 66 165
50 67 692
50 68 547
50 69 217
50 70 443
50 71 599
50 72 548
50 73 314
50 74 967
50 75 958
50 76 581
50 77 842
50 78 485
50 79 941
50 80 511
50 81 775
50 82 509
50 83 443
50 84 110
50 85 837
50 86 343
50 87 701
50 88 778
50 89 141
50 90 727
50 91 655
50 92 555
50 93 76
50 94 760
50 95 481
50 96 582
50 97 799
50 98 859
50 99 98
51 52 413
51 53 26
51 54 644
51 55 499
51 56 852
51 57 545
51 58 316
51 59 610
51 60 352
51 61 96
51 62 22
51 63 467
51 64 400
51 65 66
51 66 697
51 67 648
51 68 111
51 69 575
51 70 810
51 71 7
51 72 7
51 73 609
51 74 857
51 75 858
51 76 671
51 77 390
51 78 419
51 79 407
51 80 367
51 81 107
51 82 519
51 83 89
51 84 816
51 85 857
51 86 633
51 87 12
51 88 315
51 89 761
51 90 416
51 91 142
51 92 352
51 93 7
51 94 370
51 95 905
51 96 245
51 97 931
51 98 403
51 99 316
52 53 210
52 54 924
52 55 366
52 56 989
52 57 114
52 58 334
52 59 974
52 60 877
52 61 887
52 62 786
52 63 998
52 64 803
52 65 278
52 66 14
52 67 682
52 68 245
52 69 810
52 70 860
52 71 643
52 72 964
52 73 696
52 74 245
52 75 782
52 76 715
52 77 246
52 78 976
52 79 860
52 80 550
52 81 665
52 82 68
52 83 421
52 84 51
52 85 629
52 86 101
52 87 880
52 88 170
52 89 293
52 90 947
52 91 717
52 92 277
52 93 529
52 94 165
52 95 559
52 96 458
52 97 315
52 98 928
52 99 477
53 54 719
53 55 729
53 56 432
53 57 321
53 58 972
53 59 444
53 60 238
53 61 747
53 62 453
53 63 866
53 64 338
53 65 887
53 66 413
53 67 634
53 68 714
53 69 756
53 70 824
53 71 678
53 72 93
53 73 299
53 74 306
53 75 354
53 76 601
53 77 477
53 78 125
53 79 665
53 80 158
53 81 414
53 82 997
53 83 803
53 84 496
53 85 785
53 86 977
53 87 42
53 88 266
53 89 600
53 90 431
53 91 373
53 92 595
53 93 706
53 94 275
53 95 458
53 96 385
53 97 426
53 98 751
53 99 464
54 55 152
54 56 633
54 57 924
54 58 929
54 59 260
54 60 539
54 61 0
54 62 832
54 63 399
54 64 473
54 65 759
54 66 503
54 67 610
54 68 761
54 69 198
54 70 335
54 71 997
54 72 81
54 73 271
54 74 587
54 75 953
54 76 660
54 77 941
54 78 687
54 79 703
54 80 257
54 81 621
54 82 535
54 83 203
54 84 594
54 85 433
54 86 631
54 87 542
54 88 897
54 89 121
54 90 171
54 91 549
54 92 394
54 93 926
54 94 909
54 95 289
54 96 350
54 97 786
54 98 866
54 99 331
55 56 644
55 57 122
55 58 753
55 59 684
55 60 539
55 61 62
55 62 699
55 63 453
55 64 234
55 65 175
55 66 297
55 67 688
55 68 818
55 69 161
55 70 188
55 71 296
55 72 291
55 73 146
55 74 585
55 75 500
55 76 845
55 77 264
55 78 231
55 79 431
55 80 617
55 81 622
55 82 405
55 83 557
55 84 609
55 85 769
55 86 592
55 87 794
55 88 630
55 89 674
55 90 399
55 91 474
55 92 512
55 93 718
55 94 360
55 95 57
55 96 334
55 97 7
55 98 814
55 99 90
56 57 761
56 58 885
56 59 399
56 60 270
56 61 149
56 62 487
56 63 830
56 64 60
56 65 28
56 66 701
56 67 837
56 68 894
56 69 477
56 70 758
56 71 512
56 72 949
56 73 631
56 74 709
56 75 87
56 76 182
56 77 407
56 78 714
56 79 511
56 80 418
56 81 271
56 82 572
56 83 345
56 84 426
56 85 771
56 86 719
56 87 168
56 88 126
56 89 232
56 90 63
56 91 667
56 92 504
56 93 798
56 94 810
56 95 438
56 96 222
56 97 247
56 98 504
56 99 405
57 58 486
57 59 573
57 60 615
57 61 621
57 62 179
57 63 139
57 64 974
57 65 639
57 66 494
57 67 855
57 68 937
57 69 318
57 70 477
57 71 469
57 72 96
57 73 350
57 74 667
57 75 344
57 76 749
57 77 197
57 78 845
57 79 998
57 80 492
57 81 350
57 82 679
57 83 139
57 84 883
57 85 78
57 86 346
57 87 350
57 88 134
57 89 668
57 90 72
57 91 829
57 92 238
57 93 109
57 94 654
57 95 707
57 96 476
57 97 238
57 98 387
57 99 331
58 59 398
58 60 111
58 61 121
58 62 161
58 63 861
58 64 228
58 65 671
58 66 157
58 67 964
58 68 476
58 69 831
58 70 31
58 71 693
58 72 534
58 73 975
58 74 249
58 75 233
58 76 739
58 77 36
58 78 471
58 79 301
58 80 689
58 81 976
58 82 532
58 83 776
58 84 422
58 85 150
58 86 90
58 87 168
58 88 103
58 89 375
58 90 834
58 91 981
58 92 880
58 93 683
58 94 384
58 95 315
58 96 701
58 97 162
58 98 555
58 99 912
59 60 160
59 61 90
59 62 902
59 63 108
59 64 420
59 65 762
59 66 70
59 67 819
59 68 586
59 69 499
59 70 69
59 71 547
59 72 909
59 73 506
59 74 259
59 75 813
59 76 614
59 77 822
59 78 104
59 79 896
59 80 49
59 81 358
59 82 93
59 83 969
59 84 400
59 85 258
59 86 540
59 87 343
59 88 90
59 89 734
59 90 552
59 91 627
59 92 289
59 93 751
59 94 563
59 95 263
59 96 716
59 97 610
59 98 292
59 99 448
60 61 908
60 62 800
60 63 263
60 64 577
60 65 565
60 66 62
60 67 626
60 68 471
60 69 805
60 70 173
60 71 481
60 72 130
60 73 54
60 74 457
60 75 835
60 76 991
60 77 961
60 78 416
60 79 536
60 80 815
60 81 992
60 82 906
60 83 399
60 84 716
60 85 31
60 86 841
60 87 263
60 88 699
60 89 238
60 90 499
60 91 139
60 92 926
60 93 364
60 94 689
60 95 231
60 96 90
60 97 50
60 98 718
60 99 865
61 62 212
61 63 292
61 64 160
61 65 284
61 66 550
61 67 607
61 68 995
61 69 235
61 70 143
61 71 448
61 72 353
61 73 513
61 74 281
61 75 314
61 76 907
61 77 125
61 78 140
61 79 957
61 80 538
61 81 462
61 82 524
61 83 961
61 84 906
61 85 292
61 86 155
61 87 942
61 88 467
61 89 816
61 90 354
61 91 138
61 92 16
61 93 952
61 94 595
61 95 716
61 96 433
61 97 64
61 98 842
61 99 531
62 63 135
62 64 753
62 65 331
62 66 440
62 67 925
62 68 527
62 69 375
62 70 786
62 71 576
62 72 485
62 73 841
62 74 841
62 75 294
62 76 733
62 77 320
62 78 60
62 79 403
62 80 727
62 81 226
62 82 714
62 83 87
62 84 806
62 85 378
62 86 109
62 87 77
62 88 92
62 89 366
62 90 622
62 91 908
62 92 511
62 93 332
62 94 311
62 95 76
62 96 116
62 97 124
62 98 83
62 99 233
63 64 818
63 65 685
63 66 59
63 67 463
63 68 848
63 69 863
63 70 789
63 71 720
63 72 723
63 73 627
63 74 8
63 75 949
63 76 690
63 77 330
63 78 914
63 79 885
63 80 639
63 81 156
63 82 367
63 83 260
63 84 736
63 85 543
63 86 466
63 87 370
63 88 488
63 89 996
63 90 299
63 91 720
63 92 455
63 93 625
63 94 496
63 95 884
63 96 261
63 97 13
63 98 165
63 99 394
64 65 782
64 66 766
64 67 384
64 68 217
64 69 679
64 70 641
64 71 703
64 72 430
64 73 852
64 74 751
64 75 525
64 76 693
64 77 805
64 78 199
64 79 470
64 80 683
64 81 411
64 82 90
64 83 503
64 84 473
64 85 819
64 86 581
64 87 182
64 88 754
64 89 46
64 90 195
64 91 659
64 92 894
64 93 909
64 94 740
64 95 745
64 96 884
64 97 742
64 98 389
64 99 778
65 66 244
65 67 178
65 68 470
65 69 757
65 70 763
65 71 679
65 72 248
65 73 23
65 74 768
65 75 787
65 76 864
65 77 247
65 78 915
65 79 631
65 80 636
65 81 794
65 82 931
65 83 704
65 84 347
65 85 147
65 86 202
65 87 795
65 88 712
65 89 767
65 90 652
65 91 499
65 92 342
65 93 689
65 94 90
65 95 200
65 96 298
65 97 527
65 98 852
65 99 222
66 67 994
66 68 38
66 69 101
66 70 953
66 71 228
66 72 82
66 73 546
66 74 820
66 75 981
66 76 549
66 77 263
66 78 421
66 79 115
66 80 496
66 81 7
66 82 159
66 83 384
66 84 961
66 85 156
66 86 875
66 87 632
66 88 578
66 89 795
66 90 444
66 91 428
66 92 412
66 93 785
66 94 593
66 95 299
66 96 868
66 97 505
66 98 400
66 99 119
67 68 708
67 69 530
67 70 31
67 71 450
67 72 547
67 73 352
67 74 197
67 75 883
67 76 920
67 77 584
67 78 674
67 79 486
67 80 512
67 81 551
67 82 480
67 83 333
67 84 501
67 85 344
67 86 883
67 87 191
67 88 68
67 89 796
67 90 994
67 91 397
67 92 119
67 93 414
67 94 905
67 95 777
67 96 229
67 97 228
67 98 262
67 99 958
68 69 995
68 70 57
68 71 612
68 72 680
68 73 449
68 74 735
68 75 775
68 76 415
68 77 715
68 78 742
68 79 814
68 80 697
68 81 228
68 82 757
68 83 554
68 84 443
68 85 863
68 86 868
68 87 297
68 88 599
68 89 634
68 90 783
68 91 898
68 92 720
68 93 206
68 94 519
68 95 618
68 96 616
68 97 956
68 98 563
68 99 511
69 70 490
69 71 472
69 72 561
69 73 882
69 74 551
69 75 94
69 76 819
69 77 237
69 78 497
69 79 833
69 80 219
69 81 993
69 82 606
69 83 492
69 84 689
69 85 77
69 86 929
69 87 286
69 88 678
69 89 678
69 90 13
69 91 339
69 92 81
69 93 740
69 94 118
69 95 252
69 96 262
69 97 562
69 98 198
69 99 376
70 71 258
70 72 635
70 73 979
70 74 214
70 75 3
70 76 355
70 77 36
70 78 753
70 79 15
70 80 617
70 81 510
70 82 745
70 83 231
70 84 704
70 85 228
70 86 850
70 87 168
70 88 860
70 89 201
70 90 365
70 91 967
70 92 819
70 93 648
70 94 134
70 95 630
70 96 179
70 97 605
70 98 155
70 99 785
71 72 679
71 73 411
71 74 323
71 75 258
71 76 949
71 77 174
71 78 730
71 79 821
71 80 439
71 81 129
71 82 201
71 83 715
71 84 675
71 85 224
71 86 697
71 87 514
71 88 209
71 89 823
71 90 435
71 91 245
71 92 483
71 93 882
71 94 716
71 95 421
71 96 87
71 97 617
71 98 861
71 99 47
72 73 126
72 74 534
72 75 330
72 76 158
72 77 922
72 78 88
72 79 190
72 80 322
72 81 392
72 82 207
72 83 127
72 84 805
72 85 101
72 86 830
72 87 735
72 88 168
72 89 547
72 90 403
72 91 851
72 92 175
72 93 165
72 94 883
72 95 709
72 96 791
72 97 848
72 98 966
72 99 800
73 74 351
73 75 994
73 76 738
73 77 610
73 78 913
73 79 949
73 80 573
73 81 896
73 82 382
73 83 752
73 84 133
73 85 936
73 86 117
73 87 601
73 88 83
73 89 468
73 90 901
73 91 559
73 92 447
73 93 413
73 94 208
73 95 275
73 96 195
73 97 524
73 98 48
73 99 92
74 75 18
74 76 198
74 77 427
74 78 548
74 79 398
74 80 162
74 81 701
74 82 130
74 83 655
74 84 187
74 85 157
74 86 724
74 87 421
74 88 168
74 89 139
74 90 561
74 91 166
74 92 311
74 93 695
74 94 255
74 95 647
74 96 887
74 97 671
74 98 335
74 99 202
75 76 161
75 77 687
75 78 245
75 79 888
75 80 812
75 81 847
75 82 446
75 83 18
75 84 659
75 85 778
75 86 725
75 87 499
75 88 731
75 89 782
75 90 427
75 91 228
75 92 359
75 93 23
75 94 635
75 95 396
75 96 373
75 97 414
75 98 863
75 99 224
76 77 780
76 78 96
76 79 642
76 80 217
76 81 532
76 82 852
76 83 958
76 84 832
76 85 124
76 86 774
76 87 977
76 88 895
76 89 357
76 90 433
76 91 902
76 92 299
76 93 268
76 94 11
76 95 789
76 96 511
76 97 222
76 98 755
76 99 825
77 78 80
77 79 928
77 80 258
77 81 332
77 82 966
77 83 93
77 84 176
77 85 57
77 86 34
77 87 541
77 88 558
77 89 858
77 90 217
77 91 291
77 92 386
77 93 607
77 94 1000
77 95 622
77 96 162
77 97 427
77 98 814
77 99 717
78 79 68
78 80 673
78 81 410
78 82 577
78 83 381
78 84 610
78 85 423
78 86 263
78 87 405
78 88 316
78 89 92
78 90 828
78 91 46
78 92 572
78 93 232
78 94 113
78 95 644
78 96 238
78 97 796
78 98 94
78 99 314
79 80 878
79 81 68
79 82 871
79 83 386
79 84 159
79 85 890
79 86 418
79 87 535
79 88 765
79 89 708
79 90 419
79 91 1
79 92 387
79 93 145
79 94 406
79 95 243
79 96 206
79 97 47
79 98 279
79 99 186
80 81 149
80 82 135
80 83 280
80 84 57
80 85 356
80 86 70
80 87 378
80 88 18
80 89 387
80 90 101
80 91 330
80 92 666
80 93 638
80 94 119
80 95 801
80 96 636
80 97 519
80 98 218
80 99 259
81 82 394
81 83 40
81 84 53
81 85 616
81 86 36
81 87 252
81 88 403
81 89 765
81 90 829
81 91 952
81 92 438
81 93 814
81 94 565
81 95 847
81 96 857
81 97 640
81 98 475
81 99 903
82 83 186
82 84 412
82 85 717
82 86 548
82 87 928
82 88 724
82 89 175
82 90 348
82 91 0
82 92 761
82 93 556
82 94 625
82 95 917
82 96 990
82 97 680
82 98 971
82 99 829
83 84 647
83 85 477
83 86 836
83 87 982
83 88 743
83 89 814
83 90 818
83 91 996
83 92 939
83 93 286
83 94 510
83 95 199
83 96 739
83 97 522
83 98 904
83 99 845
84 85 1000
84 86 667
84 87 73
84 88 440
84 89 126
84 90 745
84 91 887
84 92 172
84 93 869
84 94 431
84 95 148
84 96 376
84 97 860
84 98 287
84 99 363
85 86 262
85 87 743
85 88 747
85 89 935
85 90 133
85 91 628
85 92 553
85 93 750
85 94 995
85 95 929
85 96 140
85 97 530
85 98 817
85 99 516
86 87 354
86 88 644
86 89 459
86 90 545
86 91 43
86 92 558
86 93 632
86 94 524
86 95 708
86 96 85
86 97 303
86 98 475
86 99 728
87 88 747
87 89 878
87 90 132
87 91 494
87 92 193
87 93 914
87 94 660
87 95 304
87 96 949
87 97 148
87 98 305
87 99 676
88 89 330
88 90 811
88 91 635
88 92 667
88 93 991
88 94 361
88 95 273
88 96 547
88 97 587
88 98 801
88 99 238
89 90 280
89 91 956
89 92 537
89 93 345
89 94 62
89 95 983
89 96 687
89 97 971
89 98 933
89 99 131
90 91 255
90 92 319
90 93 420
90 94 82
90 95 791
90 96 816
90 97 714
90 98 730
90 99 932
91 92 469
91 93 195
91 94 18
91 95 32
91 96 286
91 97 347
91 98 27
91 99 821
92 93 197
92 94 38
92 95 54
92 96 794
92 97 293
92 98 458
92 99 808
93 94 299
93 95 653
93 96 349
93 97 884
93 98 16
93 99 136
94 95 26
94 96 312
94 97 962
94 98 45
94 99 343
95 96 176
95 97 23
95 98 99
95 99 403
96 97 412
96 98 731
96 99 1000
97 98 397
97 99 569
98 99 146
